4294967278,11
4294967278,10
4294967278,9
4294967278,8
4294967278,7
4294967294,1248
4294967278,239
4294967279,385
4294967278,237
4294967278,18
4294967278,17
4294967278,16
4294967278,15
4294967278,14
4294967278,13
4294967278,12
4294967278,317
4294967278,234
4294967278,36
4294967278,35
4294967278,34
4294967278,33
4294967278,32
4294967278,31
4294967278,30
4294967278,29
4294967278,28
4294967278,27
4294967278,26
4294967278,25
4294967278,24
4294967278,23
4294967278,22
4294967278,21
4294967278,20
4294967278,19
4294967279,24
4294967279,23
4294967279,22
4294967279,20
4294967279,18
4294967279,17
4294967279,16
4294967279,14
4294967279,13
4294967279,11
4294967279,10
4294967294,387
4294967278,230
4294967294,127
4294967294,14
4294967294,126
4294967294,13
4294967294,80
4294967278,227
4294967294,1242
4294967278,223
4294967278,220
4294967278,221
4294967278,218
4294967294,439
4294967278,216
4294967278,217
4294967278,214
4294967278,316
4294967279,384
4294967278,211
13,5
4294967278,210
13,4
13,3
13,2
13,1
4294967279,319
4294967278,209
4294967278,207
4294967278,206
4294967278,315
4294967278,205
4294967278,314
4294967279,318
4294967278,313
4294967279,317
4294967278,312
4294967278,201
4294967294,38
4294967294,36
4294967294,395
4294967294,409
4294967294,396
4294967294,1068
4294967294,1244
4294967294,407
4294967294,425
4294967294,403
4294967294,420
4294967294,411
4294967294,454
4294967294,110
4294967294,119
4294967294,108
4294967294,29
4294967279,316
4294967278,200
4294967278,311
4294967278,199
4294967279,315
4294967278,310
4294967278,197
4294967278,194
4294967278,196
11,5
11,4
4294967278,195
11,3
11,2
11,1
4294967278,309
4294967294,40
4294967294,41
4294967278,193
4294967294,89
4294967278,192
4294967279,314
4294967278,191
4294967294,120
4294967294,43
4294967294,44
4294967294,45
4294967294,430
4294967294,53
4294967294,52
4294967294,1153
4294967294,1081
4294967294,1080
4294967294,422
4294967294,401
4294967294,185
4294967294,163
4294967294,162
4294967278,308
4294967279,313
4294967294,1072
4294967294,85
4294967279,312
4294967278,307
4294967278,306
4294967294,5
4294967294,99
4294967294,83
4294967294,107
4294967294,92
4294967294,91
4294967294,88
4294967294,86
4294967294,413
4294967279,311
4294967279,310
4294967278,305
4294967278,260
4294967294,1237
4294967294,1236
4294967294,1234
4294967294,1233
4294967294,1228
4294967294,1217
4294967294,1062
4294967294,1060
4294967294,1059
4294967294,1058
4294967294,1057
4294967294,60
4294967294,55
4294967294,57
4294967294,417
4294967294,190
4294967278,186
4294967278,185
4294967278,184
4294967294,61
4294967294,1249
4294967294,1160
4294967294,1159
4294967294,1156
4294967294,1155
4294967294,1154
4294967294,1152
4294967294,1085
4294967294,1084
4294967294,1082
4294967294,1079
4294967294,1077
4294967294,1076
4294967294,1075
4294967294,1074
4294967294,1073
4294967294,1070
4294967294,1069
4294967294,1067
4294967294,1066
4294967294,182
4294967294,176
4294967294,1163
4294967278,183
9,4
4294967278,182
9,3
9,2
9,1
4294967278,304
4294967294,114
4294967278,181
4294967278,303
4294967279,309
4294967278,302
4294967279,308
4294967279,260
4294967279,0
4294967278,301
4294967278,177
4294967294,1243
4294967294,1078
4294967294,471
4294967294,469
4294967279,307
4294967278,176
4294967278,300
4294967278,175
4294967279,306
4294967278,299
4294967278,172
4294967278,169
4294967278,171
8,5
8,4
4294967278,170
8,3
8,2
8,1
4294967278,298
4294967278,168
4294967278,167
7,4
7,2
7,1
4294967279,305
4294967278,166
4294967278,165
4294967278,164
4294967279,304
4294967279,303
4294967278,297
4294967294,1086
4294967294,186
4294967278,296
4294967278,161
4294967279,302
4294967294,419
4294967294,393
4294967294,389
4294967279,301
4294967279,300
4294967278,295
4294967279,299
4294967278,294
4294967294,2
4294967294,0
4294967294,390
4294967279,298
4294967278,293
4294967279,297
4294967278,154
4294967278,292
4294967279,296
4294967294,37
4294967294,1216
4294967278,152
4294967278,291
4294967279,295
4294967278,290
4294967279,294
6,5
6,4
6,3
6,2
6,1
4294967279,293
4294967294,438
4294967294,7
4294967294,6
4294967294,94
4294967294,96
4294967278,289
4294967278,0
4294967294,9
4294967294,8
0,7
4294967294,1247
4294967294,1246
4294967294,28
4294967294,90
4294967294,87
4294967294,84
4294967279,292
4294967294,112
4294967294,97
4294967294,169
4294967294,50
4294967294,426
4294967294,180
4294967294,189
4294967294,429
4294967294,1161
4294967294,18
4294967294,20
4294967294,30
4294967294,46
4294967294,388
4294967294,165
4294967294,168
4294967294,177
4294967294,175
4294967294,183
4294967294,1158
4294967294,1157
4294967294,1
4294967294,1065
4294967294,81
4294967294,173
4294967294,170
4294967294,161
